name: monastry-env
channels:
  - conda-forge
  - defaults
dependencies:
  - blas=1.0=mkl
  - blinker=1.9.0=py313haa95532_0
  - bottleneck=1.4.2=py313h2cb717b_0
  - bzip2=1.0.8=h2bbff1b_6
  - ca-certificates=2025.2.25=haa95532_0
  - cffi=1.17.1=py313h827c3e9_1
  - click=8.1.8=py313haa95532_0
  - colorama=0.4.6=py313haa95532_0
  - cryptography=45.0.5=py313hcaec639_0
  - dnspython=2.4.2=py313haa95532_0
  - expat=2.7.1=h8ddb27b_0
  - flask=3.1.0=py313haa95532_0
  - flask-cors=6.0.1=py313haa95532_0
  - flask-pymongo=3.0.1=pyhd8ed1ab_0
  - idna=3.7=py313haa95532_0
  - intel-openmp=2023.1.0=h59b6b97_46320
  - itsdangerous=2.2.0=py313haa95532_0
  - jinja2=3.1.6=py313haa95532_0
  - libffi=3.4.4=hd77b12b_1
  - libmpdec=4.0.0=h827c3e9_0
  - markupsafe=3.0.2=py313h827c3e9_0
  - mkl=2023.1.0=h6b88ed4_46358
  - mkl-service=2.4.0=py313h827c3e9_2
  - mkl_fft=1.3.11=py313h827c3e9_0
  - mkl_random=1.2.8=py313hce38976_0
  - numexpr=2.11.0=py313hdb065b2_0
  - numpy=2.3.1=py313ha127e54_0
  - numpy-base=2.3.1=py313haaa8b43_0
  - openssl=3.0.17=h35632f6_0
  - pandas=2.3.1=py313h885b0b7_0
  - pip=25.1=pyhc872135_2
  - pycparser=2.21=pyhd3eb1b0_0
  - pymongo=4.13.0=py313h827c3e9_0
  - python=3.13.5=h286a616_100_cp313
  - python-dateutil=2.9.0post0=py313haa95532_2
  - python-dotenv=1.1.0=py313haa95532_0
  - python-tzdata=2025.2=pyhd3eb1b0_0
  - python_abi=3.13=0_cp313
  - pytz=2025.2=py313haa95532_0
  - setuptools=72.1.0=py313haa95532_0
  - six=1.17.0=py313haa95532_0
  - sqlite=3.50.2=hda9a48d_1
  - tbb=2021.8.0=h59b6b97_0
  - tk=8.6.14=h5e9d12e_1
  - tzdata=2025b=h04d1e81_0
  - ucrt=10.0.22621.0=haa95532_0
  - vc=14.3=h2df5915_10
  - vc14_runtime=14.44.35208=h4927774_10
  - vs2015_runtime=14.44.35208=ha6b5a95_10
  - werkzeug=3.1.3=py313haa95532_0
  - wheel=0.45.1=py313haa95532_0
  - xz=5.6.4=h4754444_1
  - zlib=1.2.13=h8cc25b3_1
